Credit (As of 11/29/2021): https://www.hltv.org/
EliGE,Liquid
1.24 1.17 1.50 1.03 1.37 0.92 0.61 1.02 0.93 1.16
XANTARES,Eternal Fire
2.20 1.29 1.15 0.88 1.04 1.09 1.24 1.32 1.73 1.39
NiKo,G2
1.21 1.02 1.35 1.57 1.55 1.35 1.54 1.73 1.39 1.02
Stewie2k,Liquid
0.92 0.68 1.23 1.14 1.40 0.76 0.87 0.69 0.78 1.00
B1T,Natus Vincere
1.27 1.06 1.31 1.56 1.41 1.06 1.15 1.12 1.66 1.82
Zywoo,Vitality
1.18 1.53 1.13 1.48 1.61 1.55 1.00 0.84 1.53 1.25
s1mple,Natus Vincere
1.36 1.11 1.91 1.15 1.84 1.53 1.35 1.35 1.15 1.07
wiz,RBG
0.94 0.90 0.48 0.49 1.63 1.03 0.93 0.90 1.14 1.09
YEKINDAR,Virtus Pro
1.01 1.06 1.05 1.13 1.21 1.01 1.12 1.26 1.21 1.03
smooya,fnatic
0.92 1.30 0.94 0.84 1.51 1.17 1.24 1.77 1.29 0.90